weather <-
structure(list(date = 1:31, press_local = c(1010.1, 1008.8, 1005.1, 
1006, 1006.1, 1008.1, 1009.3, 1008.5, 1006.9, 1007.2, 1007.5, 
1007.5, 1005.6, 1003, 1003.4, 1000.6, 1005.8, 1001.7, 1001.7, 
1000.6, 1002.3, 1005.5, 1003.2, 1003.2, 1004.1, 1002.5, 1002.7, 
1009.2, 1016.1, 1012.5, 1007.6), press_sea = c(1012.8, 1011.5, 
1007.8, 1008.8, 1008.9, 1010.9, 1012, 1011.2, 1009.6, 1009.9, 
1010.2, 1010.3, 1008.3, 1005.7, 1006.1, 1003.3, 1008.5, 1004.4, 
1004.4, 1003.4, 1005.1, 1008.3, 1005.9, 1005.9, 1006.9, 1005.2, 
1005.4, 1012, 1018.9, 1015.3, 1010.3), prec_total = c("0", "0", 
"0", "18", "0", "--", "0", "--", "--", "--", "--", "2", "47.5", 
"0", "--", "0", "5", "13", "--", "1.5", "1", "0", "--", "2", 
"0", "3.5", "0", "5", "0.5", "5", "1"), max_prec_1hour = c("0", 
"0", "0", "12.5", "1", "--", "0", "--", "--", "--", "--", "1", 
"15.5", "0", "--", "0", "4", "8", "--", "0.5", "1", "0", "--", 
"1", "0", "3.5", "0", "3", "0.5", "2.5", "0.5"), max_prec_10min = c("0", 
"0", "0", "6.5", "0", "--", "0", "--", "--", "--", "--", "1", 
"7.5", "0", "--", "0", "3.5", "2", "--", "0.5", "0.5", "0", "--", 
"1", "0", "3", "0", "1.5", "0.5", "1.5", "0.5"), mean_temp = c(30.600000000000001, 
31.600000000000001, 31.5, 24.600000000000001, 23.800000000000001, 
25.199999999999999, 27.600000000000001, 29.800000000000001, 30.899999999999999, 
30.5, 29.5, 28.300000000000001, 25.5, 28.199999999999999, 29.399999999999999, 
31, 27.300000000000001, 26.800000000000001, 27.5, 26.399999999999999, 
26, 26.199999999999999, 28.699999999999999, 27.800000000000001, 
25.699999999999999, 27, 29, 23.699999999999999, 23.300000000000001, 
22.800000000000001, 27.100000000000001), max_temp = c(35.899999999999999, 
35.899999999999999, 36.100000000000001, 29.699999999999999, 27.699999999999999, 
28.800000000000001, 33, 33.899999999999999, 35.700000000000003, 
35.299999999999997, 34.299999999999997, 32, 28.600000000000001, 
33.299999999999997, 34, 36.399999999999999, 32.299999999999997, 
31.100000000000001, 32.5, 31.199999999999999, 29, 29.5, 33.5, 
32.700000000000003, 29.300000000000001, 31.300000000000001, 33.899999999999999, 
28.100000000000001, 28, 26.199999999999999, 32.5), min_temp = c(27.100000000000001, 
27.600000000000001, 28.199999999999999, 22.199999999999999, 21.600000000000001, 
22.300000000000001, 24.399999999999999, 26.199999999999999, 27.699999999999999, 
27.5, 26.800000000000001, 25.300000000000001, 23.800000000000001, 
23.699999999999999, 25.899999999999999, 27.899999999999999, 23.399999999999999, 
23.699999999999999, 22.699999999999999, 23.800000000000001, 23.800000000000001, 
23.600000000000001, 24.699999999999999, 22.600000000000001, 23, 
24.199999999999999, 26.5, 21.399999999999999, 18.600000000000001, 
20.199999999999999, 22.300000000000001), mean_humid = c(72L, 
71L, 75L, 89L, 83L, 73L, 80L, 75L, 69L, 70L, 75L, 81L, 94L, 84L, 
78L, 70L, 77L, 81L, 62L, 82L, 87L, 82L, 83L, 79L, 77L, 89L, 80L, 
87L, 69L, 88L, 85L), min_humid = c(55L, 55L, 53L, 70L, 68L, 58L, 
60L, 59L, 54L, 54L, 60L, 64L, 80L, 52L, 54L, 51L, 62L, 51L, 41L, 
59L, 67L, 69L, 63L, 62L, 57L, 67L, 56L, 75L, 36L, 68L, 61L), 
    mean_wind_speed = c(2.7999999999999998, 2.5, 2.2999999999999998, 
    2.7000000000000002, 2.8999999999999999, 2.3999999999999999, 
    2.2000000000000002, 4.5, 5.5, 5.2999999999999998, 5.4000000000000004, 
    5.7999999999999998, 4.7999999999999998, 2.6000000000000001, 
    2.5, 4.7999999999999998, 2.5, 2.7999999999999998, 3.3999999999999999, 
    1.8, 2.1000000000000001, 2.5, 3.2000000000000002, 2.8999999999999999, 
    2, 2.1000000000000001, 3.2999999999999998, 3, 2.7999999999999998, 
    1.8999999999999999, 3.2000000000000002), max_wind_speed = c(6.5, 
    5.2000000000000002, 5.0999999999999996, 5.4000000000000004, 
    4.9000000000000004, 4.5, 4.9000000000000004, 8, 8.4000000000000004, 
    9.3000000000000007, 8.9000000000000004, 8.8000000000000007, 
    8.5999999999999996, 5.2000000000000002, 5.0999999999999996, 
    8.0999999999999996, 4.5, 6.7999999999999998, 6.7000000000000002, 
    3.7999999999999998, 4.5, 4.2000000000000002, 6.7999999999999998, 
    5.7999999999999998, 3.6000000000000001, 4.9000000000000004, 
    7, 5.4000000000000004, 4.7999999999999998, 4.0999999999999996, 
    7), max_wind_speed_dir = c("SE", "SE", "SE", "ENE", "NE", 
    "ESE", "SSE", "SSW", "S", "S", "S", "SSW", "SSE", "S", "SSW", 
    "SSW", "SW", "S", "SE", "SE", "NE", "SE", "SSE", "ENE", "SE", 
    "SSE", "SSE", "NNE", "NE", "NW", "S"), max_inst_wind_speed = c(9.5, 
    9.1999999999999993, 8, 9, 8.1999999999999993, 7.2000000000000002, 
    7.5, 13.300000000000001, 14.4, 15.9, 15.6, 16.100000000000001, 
    17.199999999999999, 9.0999999999999996, 9.0999999999999996, 
    14.5, 8.4000000000000004, 11.699999999999999, 11.699999999999999, 
    6.0999999999999996, 7.2999999999999998, 7.4000000000000004, 
    10.800000000000001, 10.4, 6.7000000000000002, 7.7999999999999998, 
    11.300000000000001, 9.4000000000000004, 9, 6.4000000000000004, 
    12.5), max_inst_wind_speed_dir = c("SE", "NW", "S", "ENE", 
    "E", "ESE", "SSE", "S", "SSW", "SSW", "SW", "S", "S", "SW", 
    "SSW", "SSW", "SSW", "SSW", "SSE", "NW", "ESE", "NE", "SSE", 
    "E", "NNE", "SSE", "SSE", "NE", "N", "NW", "S"), sunshine = c(10.6, 
    10.699999999999999, 8.3000000000000007, 0, 0.20000000000000001, 
    2.2999999999999998, 2.5, 9.1999999999999993, 11.9, 12.1, 
    10.1, 3.7999999999999998, 0.20000000000000001, 4.4000000000000004, 
    7, 7.7000000000000002, 1, 3.7999999999999998, 10.6, 3.2999999999999998, 
    1.1000000000000001, 0.40000000000000002, 6.0999999999999996, 
    3.7999999999999998, 0.40000000000000002, 0.40000000000000002, 
    8.0999999999999996, 0.20000000000000001, 4.4000000000000004, 
    0, 5.7999999999999998), snowfall = c("--", "--", "--", "--", 
    "--", "--", "--", "--", "--", "--", "--", "--", "--", "--", 
    "--", "--", "--", "--", "--", "--", "--", "--", "--", "--", 
    "--", "--", "--", "--", "--", "--", "--"), deepest_snowfall = c("--", 
    "--", "--", "--", "--", "--", "--", "--", "--", "--", "--", 
    "--", "--", "--", "--", "--", "--", "--", "--", "--", "--", 
    "--", "--", "--", "--", "--", "--", "--", "--", "--", "--"
    )), class = "data.frame", row.names = c(NA, -31L))
